65526
160524
125479
160662
47536
88734
89815
145000
182768
221495
30784
170919
71852
214826
52018
6165
209057
62385
230794
88734
287049
170403
167832
65526
69858
67393
88491
125479
147961
9430
277908
133365
165213
154196
217644
147682
149137
246470
162662
294124
36353
47977
193243
163591
101428
4898
62209
96268
232577
245426
296
170786
63801
21692
127333
300514
299469
6165
15856
179923
31390
167526
71081
288010
147702
111079
32448
26046
125546
287794
56347
112777
167923
31086
152322
157338
152434
204083
300732
170624
259270
48720
181945
46543
88598
193731
239219
7550
133365
157391
175872
149137
258489
71274
174087
152102
127106
231425
89121
174865
51480
141538
220979
128882
180886
107589
125546
39713
76897
92500
95939
175019
162770
20
124863
58066
38393
217515
239219
170331
38033
112777
42883
299861
177630
158142
183906
88868
167526
160381
129041
102810
194218
154196
31086
230190
1349
161951
102266
31830
30433
80760
1234
80129
22830
94305
120092
74642
94676
36648
133698
51798
31190
151508
181734
152941
49922
24498
147276
87598
6535
155866
34314
196848
15380
39143
67195
68650
192898
114801
167488
137696
83336
122649
58995
15409
148874
181116
124109
67829
3140
6608
139730
77974
181138
74224
148119
21226
35626
9458
21876
52051
87981
183560
182611
160052
44655
116110
78141
157990
79187
32355
179521
188198
101155
28166
95040
78563
140557
93375
86057
137123
137334
124621
89857
74624
162870
23308
64136
113033
120330
116813
120872
110588
113537
119664
176419
59309
8735
172662
132326
111570
133306
36556
121701
188835
12406
147769
186550
169431
151505
122546
41542
163051
138318
140805
50078
94659
113250
35088
20688
76187
21020
90055
172685
199810
187729
129176
96591
105837
27434
31285
48910
124617
5795
119593
141477
46484
39818
146842
163138
8933
158507
170174
118478
107190
123646
38794
25550
120397
9564
28289
116185
25220
146798
19901
65700
105366
111171
29373
193650
169484
32062
152642
176418
77242
171382
93906
46678
109667
102962
51436
51284
178486
127117
4845
178919
90222
10366
32271
65387
169718
61148
128754
168076
130684
29422
85107
17746
136588
29649
73410
73571
129948
126023
95134
128977
110073
85581
34599
149858
89451
105875
196173
177964
72016
107725
130836
26726
132416
142444
128045
45094
179158
98185
133264
140987
90801
111122
120755
72173
150030
130533
35754
113454
42698
124367
70530
1926
33520
20351
27884
7962
147058
41212
98530
81871
87596
132365
22299
3666
146339
103437
50314
122711
156132
32684
125044
198890
50358
122423
25251
128034
35299
34084
175389
56007
106919
162741
73345
103145
193959
104903
104960
78367
104384
42505
188636
18976
68516
51370
166211
97728
105884
48652
10976
164791
155301
47260
76029
152418
131309
115791
97366
167674
47423
187303
108616
41516
172699
169058
160174
35025
123755
137556
73824
150457
72773
120063
37326
21239
126328
6133
94689
100876
134550
103976
163045
74962
45301
12266
37985
67928
94758
126207
7561
1395
92640
58137
184960
41536
373
102665
76538
88933
154761
92615
101984
130701
169420
62003
6534
81877
181710
24489
4296
162390
175762
181627
181387
40151
16940
143084
48922
39477
125641
181183
18305
2154
13159
81699
148522
62557
136335
188841
128558
50038
187099
1367
108206
104835
131321
88090
26147
111115
101210
158248
106967
179347
197894
19536
128453
103916
107969
139332
196823
82750
45448
145437
23427
182211
146285
148408
59596
41028
181177
126640
144149
97805
79014
158551
29984
138223
174774
155843
147057
128121
120220
80081
94503
87189
118234
195044
44103
152686
8747
138774
53563
75484
48139
29041
82505
136571
43691
189556
4870
93805
124875
81650
64590
112381
87307
171257
171642
134515
100542
168520
18500
27997
132157
76362
46556
109794
74887
43212
170757
91593
93926
173887
163102
101190
191080
180739
9908
127956
180881
97861
100912
194992
9541
80976
91145
5788
63957
52254
154739
185692
158897
190584
183646
160663
170361
14729
167890
28132
94302
149367
37723
194153
107346
141851
86234
73324
59889
67725
175897
64220
142623
56260
12098
16887
91090
78845
25337
23346
166390
18022
146553
70862
55653
4329
195892
127848
38515
1192
153379
67001
197661
156469
40119
61096
97485
124749
13641
126171
49299
119095
118405
92962
115741
147767
86271
198283
125271
109239
147975
106572
94416
87216
67120
162680
149532
5873
143468
188910
25776
71391
78875
80108
126736
73860
133876
28161
121975
146875
167856
158650
150311
165110
110381
166253
181971
159543
127139
194006
136858
196460
31827
38546
167410
35799
7295
187749
195628
51642
135132
144575
179139
63560
73092
32157
41970
53085
102079
113488
21389
109320
120000
72617
21184
94511
12233
2327
197288
107438
27376
82908
91402
32330
139269
50894
24741
35413
127316
194987
80591
115219
1957
75290
178279
125934
31572
50441
178803
121113
68281
117379
175997
18615
162791
197893
96761
179735
7984
88314
148590
124812
110071
177165
103588
188447
124592
181318
1148
29628
161312
163356
57480
143805
192667
129328
146480
19922
103539
122368
97433
174707
21468
137739
177857
174445
48170
182863
40655
13612
119872
130412
8357
163144
152684
102738
127546
12225
150338
194989
74124
46096
174007
4868
82109
50410
15182
73263
134504
179159
192952
73331
166895
416
174367
85764
83579
147582
188519
33282
141163
41205
37606
169144
193660
111330
58955
187133
153149
154001
178595
93187
144581
150747
68495
37423
116541
186358
162478
9901
79034
179887
137044
198566
145391
142584
21528
170118
176484
159857
38731
117782
120458
95621
142835
56149
117143
1743
1135
190308
156037
198531
119312
51553
48190
166915
151716
120631
167711
81053
17457
188558
140345
87030
155209
113481
87475
188280
170703
104896
120509
81194
178292
67737
95722
75136
16678
76181
77120
46686
4870
108281
135138
78708
9041
67811
187928
165215
193943
159644
171882
75268
119223
144342
44121
176285
142206
71138
19712
69636
13154
88379
152414
142830
73984
158258
130641
99416
76279
15916
22016
121141
41400
132780
181513
192720
117298
158923
121681
30071
96264
147544
79350
35688
163179
101289
160549
40861
1206
21283
150624
118721
192268
3278
137877
9899
61820
83451
132973
162268
167122
11514
15665
1167
115314
107197
88664
168519
22716
143563
126310
152426
129610
19450
161116
7233
67446
57683
76382
72165
40588
2793
125640
157685
197039
18109
16038
49960
168538
95902
130651
175798
81150
30519
51611
165457
44808
187720
142522
108572
11396
177121
7969
12584
3473
50968
266933
223051
123090
152568
209740
212533
114295
270000
266370
250742
131470
249162
283805
89515
58919
273134
298302
242116
168456
218251
168914
198191
258856
174499
85367
120012
165667
258613
67368
59636
221377
24627
130296
284633
121454
176866
17306
231549
269364
292001
284758
6978
122592
157689
193457
298225
35091
131092
88228
211104
46120
240792
205087
207563
242486
131072
42382
187817
189034
291196
70882
120993
67361
251490
240041
152283
146007
256517
237140
88599
99002
280244
99239
268085
284900
259782
199178
88846
258307
17332
95838
216969
65540
224909
92162
181381
152560
253347
48074
126696
77393
254259
22913
115399
298818
149502
207823
49264
259133
299537
176447
21248
217420
231387
30492
213213
123180
138566
298108
110466
47974
255525
264921
241997
244188
261632
25151
157059
261553
166404
296582
291046
96343
264769
212873
145517
1746
2355
261692
105762
232525
139133
141591
207009
1516
61646
204575
18923
128383
259093
251652
31625
236340
143995
292614
139453
159615
162111
167233
162005
233864
178118
153735
279026
234129
58111
117553
32153
194957
282023
105809
133228
173948
1152
299650
199691
146202